   10
	 61.3676   95.1415   54.1151   49.9383   70.9606   56.8232   60.5353   55.2502   71.3506   51.2366
   95.1415  148.3547   84.4345   77.8287  110.2893   88.3802   94.4669   85.9221  111.2356   80.0663
   54.1151   84.4345   48.6703   44.4182   62.9909   50.2372   53.2055   49.0563   63.5917   44.8967
   49.9383   77.8287   44.4182   41.5673   57.4047   46.6420   49.8035   45.1158   58.6317   42.1827
   70.9606  110.2893   62.9909   57.4047   82.8560   65.6042   69.7506   63.9644   82.4690   59.1296
   56.8232   88.3802   50.2372   46.6420   65.6042   53.0374   56.2865   51.2950   66.2941   47.8128
   60.5353   94.4669   53.2055   49.8035   69.7506   56.2865   61.1279   54.4991   70.6900   52.0220
   55.2502   85.9221   49.0563   45.1158   63.9644   51.2950   54.4991   50.1024   64.6795   45.9493
   71.3506  111.2356   63.5917   58.6317   82.4690   66.2941   70.6900   64.6795   83.8470   59.6090
   51.2366   80.0663   44.8967   42.1827   59.1296   47.8128   52.0220   45.9493   59.6090   44.6531
	 1
	 2
	 3
	 4
	 5
	 6
	 7
	 8
	 9
	 10
	 1
	 1
	 1
	 1
	 1
	 1
	 1
	 1
	 1
	 1
